t0_true: 109
x0_true: 3
epsilon_r_true: 3.0
v_true: 0.17308525632731958
R_true: 0.15
noise_level: noise_level
t0_fit: 109.00000004585513
v_estimated: 0.17308445297589822
R_estimated: 0.15008954177843578
epsilon_r_estimated: 3.0000278483689966
