t0_true: 30
x0_true: 3
epsilon_r_true: 3.0
v_true: 0.17308525632731958
R_true: 0.15
noise_level: noise_level
t0_fit: 29.999999999734445
v_estimated: 0.17308525647374357
R_estimated: 0.1499999947687906
epsilon_r_estimated: 2.9999999949242127
