t0_true: 100
x0_true: 3
epsilon_r_true: 3.0
v_true: 0.17308525632731958
R_true: 0.15
noise_level: noise_level
t0_fit: 100.00000007599385
v_estimated: 0.17308423281516572
R_estimated: 0.1501050089669032
epsilon_r_estimated: 3.000035480361096
